ct 10.173957 10.292733 10.287304 10.292927 10.287786
chct 6.778588 6.775056 6.793158 6.776494 6.769118
aoso2 9.511685 3.334720 0.940447 0.775503 0.650527
aoso4 0.000041 7.420732 2.785031 0.555914 0.527029
sbndmq2 5.040139 2.755109 1.379365 0.671355 0.646239
sbndmq4 4.468452 2.326306 1.281754 0.621331 0.635492
sbndmq6 0.000041 1.999048 0.889438 0.554121 0.569316
ebom 5.462236 3.597494 2.167391 1.149889 0.620031
hash3 5.399050 2.414708 1.717527 1.522453 1.472218
hash5 0.000042 2.419229 0.926751 0.551903 0.430916
hash8 0.000043 9.113866 1.045489 0.401357 0.202717
hor4 4.216180 1.884909 1.122720 0.852398 0.800620
hor8 0.000041 1.788380 0.745234 0.388744 0.225217
hor16 0.000044 0.000050 1.384409 0.650085 0.359859
shor16 0.000045 0.000051 0.783785 0.433781 0.276027
sks4 4.628931 2.189894 1.218325 0.772282 0.567008
sks8 0.000041 4.670055 0.637313 0.306698 0.202570
sks16 0.000043 0.000048 8.949040 0.582695 0.223960
ssk16 0.000042 0.000048 1.669276 0.112346 0.051995
ct 10.162034 10.293096 10.285277 10.297660 10.286871
chct 6.778223 6.761499 6.777062 6.780384 6.781155
aoso2 9.499182 3.329451 0.939972 0.775446 0.650049
aoso4 0.000042 7.423383 2.785730 0.557650 0.526909
sbndmq2 5.039597 2.753611 1.379311 0.672413 0.645846
sbndmq4 4.471928 2.325921 1.285325 0.621184 0.635548
sbndmq6 0.000041 1.999033 0.888749 0.553919 0.569164
ebom 5.462590 3.602290 2.165908 1.147800 0.620370
hash3 5.398922 2.413263 1.715519 1.520844 1.470948
hash5 0.000042 2.416965 0.925906 0.552055 0.431620
hash8 0.000041 9.130443 1.045511 0.402827 0.202504
hor4 4.214712 1.882584 1.120413 0.852106 0.800273
hor8 0.000041 1.789268 0.745425 0.387818 0.225360
hor16 0.000045 0.000050 1.281940 0.637943 0.353243
shor16 0.000045 0.000050 0.754875 0.424704 0.271146
sks4 4.622105 2.196044 1.217642 0.772533 0.567521
sks8 0.000041 4.673076 0.637771 0.307146 0.203757
sks16 0.000043 0.000048 9.304348 0.570671 0.222275
ssk16 0.000043 0.000050 1.705821 0.111175 0.051812
ct 10.171280 10.284331 10.290011 10.285584 10.283935
chct 6.791113 6.763402 6.772803 6.768293 6.770291
aoso2 9.501099 3.332563 0.939899 0.775781 0.650547
aoso4 0.000042 7.434456 2.784404 0.557053 0.527747
sbndmq2 5.043221 2.754828 1.378123 0.673592 0.645565
sbndmq4 4.475561 2.324757 1.282417 0.621362 0.635231
sbndmq6 0.000041 1.999136 0.888868 0.554163 0.568817
ebom 5.449639 3.597578 2.168028 1.148916 0.620140
hash3 5.408749 2.414392 1.719789 1.521567 1.476064
hash5 0.000042 2.420480 0.926511 0.554780 0.443124
hash8 0.000042 9.126184 1.046175 0.401626 0.203218
hor4 4.217830 1.884253 1.121110 0.852917 0.800168
hor8 0.000042 1.790355 0.745724 0.388564 0.225100
hor16 0.000045 0.000053 1.339775 0.635326 0.354033
shor16 0.000046 0.000050 0.744217 0.444104 0.272983
sks4 4.625009 2.190713 1.217714 0.772362 0.566245
sks8 0.000042 4.678461 0.640841 0.307209 0.202786
sks16 0.000044 0.000049 8.654215 0.571224 0.225888
ssk16 0.000043 0.000048 1.633315 0.111903 0.051735
