ct 10.220975 10.370526 10.337020 10.337397 10.333423
chct 6.804666 6.789778 6.757148 6.773459 6.814767
aoso2 9.051312 3.105726 0.896444 0.635848 0.871179
aoso4 0.000044 7.070194 2.706468 0.648117 0.641586
sbndmq2 4.894350 2.820115 1.443520 0.737884 0.756989
sbndmq4 4.550991 2.368583 1.327763 0.737583 0.707303
sbndmq6 0.000044 2.022749 1.027726 0.656857 0.688905
ebom 5.492865 3.836659 2.240748 1.240929 0.762958
hash3 5.168586 2.374984 1.968632 1.731235 1.542417
hash5 0.000044 2.318302 1.150236 0.704434 0.695690
hash8 0.000045 8.538298 1.237028 0.488776 0.737266
hor4 4.252602 2.172758 1.290459 1.058838 0.906393
hor8 0.000043 1.751660 0.973566 0.515858 0.439282
hor16 0.000048 0.000052 1.630121 1.179620 1.031310
shor4 4.160274 1.951349 1.437414 1.087549 1.001760
shor8 0.000042 1.839738 0.974016 0.514518 0.441337
sks4 4.628030 2.237586 1.386490 0.872367 0.826124
sks8 0.000044 6.312631 0.833548 0.538497 0.436792
sks16 0.000045 0.000051 10.564593 1.203901 0.458655
ssk4 3.347962 1.929439 1.182387 0.826149 0.692203
ssk8 0.000043 3.307796 0.576831 0.369650 0.334398
ct 10.257029 10.380640 10.415115 10.406328 10.416887
chct 6.777973 6.777357 6.783064 6.792301 6.795384
aoso2 9.047125 3.082437 0.791404 0.742771 0.711630
aoso4 0.000042 7.062340 2.675941 0.649415 0.530412
sbndmq2 4.961925 2.781611 1.457006 0.736508 0.724451
sbndmq4 4.549192 2.386541 1.332068 0.690473 0.705623
sbndmq6 0.000046 2.029068 0.956426 0.651307 0.657763
ebom 5.462124 3.771358 2.234616 1.254081 0.737594
hash3 5.181321 2.354203 1.876536 1.641687 1.544079
hash5 0.000043 2.314902 1.013583 0.702847 0.578407
hash8 0.000045 8.426320 1.043088 0.488845 0.432353
hor4 4.256921 1.930544 1.295938 1.023217 0.912020
hor8 0.000046 1.703970 0.818133 0.510188 0.440919
hor16 0.000053 0.000055 1.636772 1.013411 0.714077
shor4 4.158468 1.951661 1.366988 1.080710 0.967999
shor8 0.000045 1.632859 0.792317 0.520761 0.701025
sks4 4.522970 2.194970 1.268530 0.871542 0.699725
sks8 0.000045 6.250336 0.832995 0.457747 0.396951
sks16 0.000046 0.000052 10.823002 0.959716 0.539511
ssk4 3.202044 1.929109 1.126813 0.773341 0.611981
ssk8 0.000045 3.304904 0.535955 0.368044 0.311660
ct 10.237159 10.431129 10.358319 10.354098 10.324696
chct 6.766901 6.757359 6.747906 6.746797 6.753168
aoso2 8.992321 3.085625 0.797970 0.635955 0.710673
aoso4 0.000044 7.049687 2.621855 0.521763 0.518158
sbndmq2 4.911968 2.746345 1.414939 0.735896 0.723048
sbndmq4 4.547633 2.369995 1.329026 0.690003 0.707284
sbndmq6 0.000045 2.025853 0.958106 0.653211 0.658209
ebom 5.452101 3.746810 2.221941 1.243013 0.736166
hash3 5.165279 2.343736 1.876659 1.632431 1.538917
hash5 0.000045 2.311246 1.012935 0.700023 0.579179
hash8 0.000045 8.411484 1.050828 0.492650 0.432163
hor4 4.251960 1.932148 1.284721 1.014644 0.903380
hor8 0.000046 1.688329 0.812114 0.510784 0.440728
hor16 0.000049 0.000055 1.654654 1.019224 0.703912
shor4 4.158257 1.950528 1.359126 1.082924 0.965902
shor8 0.000044 1.624893 0.793154 0.516003 0.440776
sks4 4.527651 2.198217 1.263939 0.866088 0.697356
sks8 0.000045 6.248059 0.831866 0.455022 0.399335
sks16 0.000045 0.000052 10.817034 0.948827 0.465149
ssk4 3.210868 1.920026 1.120528 0.771055 0.608860
ssk8 0.000046 3.297916 0.534152 0.366010 0.308151
ct 10.223271 10.336374 10.338110 10.337485 10.325874
chct 6.775035 6.743853 6.750845 6.749575 6.753701
aoso2 8.965188 3.077449 0.791898 0.636163 0.712826
aoso4 0.000044 6.996254 2.622609 0.522473 0.513121
sbndmq2 4.894388 2.740637 1.403518 0.736504 0.720219
sbndmq4 4.543610 2.370813 1.331643 0.690284 0.708852
sbndmq6 0.000045 2.017681 0.953590 0.650556 0.658647
ebom 5.447051 3.744564 2.217530 1.244914 0.734512
hash3 5.160961 2.343164 1.873165 1.631157 1.535661
hash5 0.000046 2.310335 1.013364 0.700345 0.577911
hash8 0.000045 8.406038 1.039346 0.488290 0.431654
hor4 4.246790 1.930379 1.283951 1.015436 0.904352
hor8 0.000045 1.686344 0.811575 0.510599 0.444662
hor16 0.000048 0.000055 1.634758 1.015082 0.709875
shor4 4.165039 1.945809 1.357362 1.084754 0.966771
shor8 0.000044 1.618763 0.788595 0.515618 0.445557
sks4 4.528980 2.198863 1.263628 0.871847 0.699984
sks8 0.000045 6.232817 0.832928 0.455862 0.399406
sks16 0.000047 0.000052 10.607085 0.948608 0.459777
ssk4 3.201776 1.920165 1.120124 0.776121 0.608418
ssk8 0.000046 3.291949 0.533400 0.365719 0.309090
ct 10.209806 10.339892 10.340585 10.329704 10.325838
chct 6.772827 6.750958 6.755226 6.746841 6.752648
aoso2 8.992932 3.076312 0.791315 0.634388 0.708918
aoso4 0.000045 6.983218 2.618868 0.520865 0.513398
sbndmq2 4.887312 2.741528 1.407869 0.736807 0.722701
sbndmq4     
sbndmq6     
ebom     
hash3     
hash5     
hash8     
hor4     
hor8     
hor16     
shor4     
shor8     
sks4     
sks8     
sks16     
ssk4     
ssk8     
