ct 18.784797 19.502427 19.527399 19.469995 19.446902 19.452202 19.450097 19.456202
aoso2 13.273988 5.756958 1.223355 0.723490 1.388454 1.238802 1.238258 1.239696
aoso4 0.000087 10.348635 4.502511 0.672218 0.862026 0.809378 0.814291 0.862433
aoso6 0.000087 9.669891 6.140692 1.462874 1.452313 1.338740 1.451530 1.339518
kmp 6.788796 5.420715 4.985719 5.031880 5.059449 5.048900 5.004511 5.058667
bndm 8.213839 4.461616 1.944869 1.032066 0.803408 0.855453 0.834589 0.860039
bndmq2 7.047386 3.505015 1.647946 0.918933 0.891277 0.942622 0.913226 0.943169
bndmq4 0.000087 2.946918 1.423459 0.785130 0.716207 0.771851 0.716693 0.720986
bndmq6 0.000087 3.303847 1.065128 0.750910 0.673420 0.681130 0.681971 0.629797
bsdm 8.116255 6.518328 6.142517 6.246932 6.134617 6.155516 6.194052 6.235330
bsdm2 7.345819 5.141886 4.417439 4.157439 4.199715 4.155844 4.119148 4.112840
bsdm3 6.008527 4.126380 2.944876 2.573026 2.384124 2.082496 1.961850 1.966512
bsdm4 0.000091 3.023896 2.046134 1.799292 1.504052 1.423905 1.249773 1.259311
sbndm 6.741039 3.509487 1.548193 0.816905 0.791086 0.791692 0.748084 0.789495
sbndm2 7.146799 3.426526 1.447827 0.775722 0.717414 0.726338 0.737058 0.752944
sbndmq2 7.009337 3.510277 1.506272 0.789114 0.739718 0.744930 0.746143 0.715446
sbndmq4 0.000088 3.022197 1.488300 0.760189 0.754188 0.721014 0.758388 0.727321
bm 7.617634 4.904951 3.076719 2.313669 1.832832 1.600422 1.181710 1.163596
ebom 6.898045 4.378177 2.271884 1.259763 0.777575 0.457960 0.327066 0.178603
fbom 7.752205 4.890541 2.519749 1.384608 0.774742 0.475880 0.344965 0.184496
hash3 10.525665 3.273328 2.177789 1.674688 1.635262 1.732732 1.586751 1.706613
hash5 0.000088 3.418530 1.236170 0.816079 0.693334 0.558571 0.695547 0.650560
hor 8.384342 7.379816 7.494653 7.535997 7.520448 7.697012 7.341566 7.551938
