ct 18.781960 19.487149 19.454293 19.448738 19.462884 19.442099 19.452325 19.442093
aoso2 0.000087 10.782947 2.207774 1.558106 1.579162 1.384323 1.562029 1.297103
aoso4 0.000088 0.000092 7.246393 1.478733 0.965651 0.731351 0.962157 0.732183
aoso6 0.000087 0.000090 6.134678 2.967172 0.733606 0.667715 0.805751 0.732397
kmp 9.468410 6.618826 5.872155 5.913602 5.861742 5.881239 5.948279 6.016135
bndm 9.997156 5.752584 2.683559 1.433665 0.925612 0.920656 0.803272 1.233023
bndmq2 0.000087 4.471075 2.372439 1.266366 1.148679 1.188892 0.757966 0.759053
bndmq4 0.000087 0.000093 1.966863 1.000104 1.132014 1.018736 0.870816 0.935303
bndmq6 0.000089 0.000092 5.333096 1.203634 1.061515 1.104515 0.760596 0.762920
bsdm 10.167094 6.593641 4.592907 3.706622 3.302987 3.124879 3.123955 3.097784
bsdm2 0.000091 4.334001 2.553245 2.117440 1.725052 1.558225 1.405852 1.279174
bsdm3 0.000093 5.708596 1.760556 1.125676 1.081529 0.899416 0.981321 0.887110
bsdm4 0.000089 0.000095 1.945903 1.113584 0.797074 0.988643 0.780925 0.702058
sbndm 0.000087 4.282381 2.238715 1.256105 1.165030 0.768477 1.180662 0.770187
sbndm2 0.000087 4.302751 2.094241 1.227035 0.776322 1.070314 1.150480 1.052067
sbndmq2 0.000089 4.501780 2.090771 1.253730 0.772075 1.123606 0.767948 0.768901
sbndmq4 0.000088 0.000092 1.911763 0.883623 1.060809 0.800509 1.073155 0.840431
bm 14.338737 6.564674 3.783083 3.276723 2.876098 2.474777 1.946384 1.941339
ebom 0.000088 4.440598 2.250981 1.451892 1.252190 0.729150 0.429331 0.226671
fbom 12.007986 5.870266 2.553694 1.509116 0.913500 0.774359 0.435881 0.235129
hash3 0.000088 11.214829 2.555971 1.397647 1.343393 1.080159 1.279810 1.333648
hash5 0.000088 0.000096 4.041389 1.687571 0.900373 1.318068 0.804613 0.743341
hor 15.371829 7.351224 4.298243 3.732658 3.976544 3.737665 3.709133 4.001455
