ct 18.752807 19.454235 19.446172 19.430403 19.436190 19.420966 19.440494 19.434657
aoso2 0.000087 10.306294 1.840800 0.972037 1.037733 1.024032 1.026512 1.026702
aoso4 0.000089 0.000095 6.990475 1.342635 0.651598 0.647909 0.648123 0.648160
aoso6 0.000087 0.000091 5.955211 2.756780 0.615913 0.613200 0.614677 0.615159
kmp 9.317628 6.429171 5.659453 5.689155 5.682047 5.691662 5.689613 5.688735
bndm 10.347495 5.394121 2.356261 1.253594 0.761864 0.745632 0.749998 0.746744
bndmq2 0.000087 4.229992 2.091111 1.211833 0.807783 0.803283 0.803212 0.804556
bndmq4 0.000088 0.000092 1.655264 0.844309 0.798382 0.785528 0.784445 0.785373
bndmq6 0.000087 0.000093 4.393294 1.040919 0.789933 0.815704 0.818021 0.815348
bsdm 9.806198 6.549917 4.648326 3.823072 3.375419 3.213755 3.215778 3.227774
bsdm2 0.000092 4.029597 2.316304 1.924727 1.656866 1.399246 1.236559 1.170059
bsdm3 0.000092 4.666481 1.312764 1.037391 0.937969 0.859476 0.811054 0.796088
bsdm4 0.000090 0.000097
sbndm 0.000088 4.121668 2.029036 1.186264 0.735413 0.721743 0.719940 0.722318
sbndm2 0.000087 4.218746 2.037498 1.172814 0.754936 0.736032 0.737897 0.742502
sbndmq2 0.000088 4.164816 2.005510 1.160568 0.755883 0.745753 0.745655 0.743946
sbndmq4 0.000088 0.000092 1.589360 0.826242 0.738343 0.743186 0.742550 0.744998
bm 15.435125 6.855749 3.910298 3.129506 2.707306 2.346223 2.020114 1.927722
