ct 18.760399 19.473963 19.442236 19.442516 19.461805 19.438711 19.439095 19.434184
aoso2 0.000090 10.413837 1.975230 1.115133 1.170692 1.200275 1.200693 1.205295
aoso4 0.000090 0.000092 7.006336 1.409306 0.692083 0.734266 0.735315 0.738900
aoso6 0.000086 0.000091 5.971232 2.836081 0.636296 0.659838 0.657184 0.656375
kmp 9.072838 6.256652 5.519317 5.560192 5.560548 5.549694 5.550720 5.553567
bndm 9.460203 5.214896 2.379924 1.257929 0.771339 0.766693 0.767355 0.768328
bndmq2 0.000087 4.127787 2.056676 1.180858 0.813121 0.809158 0.809195 0.811066
bndmq4 0.000088 0.000093 1.788651 0.864962 0.803086 0.779268 0.777594 0.778849
bndmq6 0.000087 0.000091 4.629996 1.030313 0.781780 0.804062 0.804040 0.807223
bsdm 9.717484 6.414583 4.469348 3.583716 3.118840 2.950126 2.949657 2.947839
bsdm2 0.000092 4.107167 2.317559 1.924399 1.662529 1.415748 1.259976 1.192441
bsdm3 0.000094 5.325167 1.447698 1.101644 0.981768 0.894726 0.844554 0.826144
bsdm4 0.000091 0.000096 1.782282 0.935865 0.786547 0.756948 0.732445 0.685030
sbndm 0.000088 4.019824 2.017077 1.193535 0.741863 0.721901 0.721921 0.722569
sbndm2 0.000087 4.013066 1.996918 1.163971 0.749925 0.751048 0.751051 0.751070
sbndmq2 0.000088 4.165536 2.043537 1.165028 0.741616 0.740795 0.739890 0.741413
sbndmq4 0.000088 0.000092 1.855190 0.883933 0.778258 0.761504 0.761883 0.760688
bm 13.661543 6.371654 3.716340 2.948825 2.535194 2.210973 1.900347 1.811882
ebom 0.000089 4.047801 2.050005 1.313718 0.828548 0.635505 0.433256 0.191552
fbom 11.548840 5.286534 2.420866 1.424332 0.878670 0.670695 0.480519 0.206968
hash3 0.000090 11.214392 2.361706 1.402680 1.121908 1.080775 1.054642 1.035048
hash5 0.000089 0.000094 3.834348 1.299352 0.881049 0.965629 0.798432 0.643879
hor 14.688289 7.089200 4.187933 3.568410 3.732852 3.554769 3.563485 3.835973
